E-B t=40 corroborated=True (2/2 counting series closer to spinDMFT) [(245, 7, 'N16', 0.7637, 'pred', 0.7638, 'F18', 0.6988, 'hyb', 0.668), (19, 8, 'N16', 0.9776, 'pred', 0.9829, 'F18', 0.9527, 'hyb', 0.8905), (19, 9, 'N16', 0.948, 'pred', 0.9527, 'F18', 0.9538, 'hyb', 0.8916)]
E-B t=80 corroborated=True (2/2 counting series closer to spinDMFT) [(245, 7, 'N16', 0.4892, 'pred', 0.4955, 'F18', 0.4206, 'hyb', 0.3764), (19, 8, 'N16', 0.9054, 'pred', 0.907, 'F18', 0.811, 'hyb', 0.7385), (19, 9, 'N16', 0.7307, 'pred', 0.7489, 'F18', 0.7608, 'hyb', 0.6883)]
E-B t=120 corroborated=True (2/3 counting series closer to spinDMFT) [(245, 7, 'N16', 0.3451, 'pred', 0.2901, 'F18', 0.2674, 'hyb', 0.1887), (19, 8, 'N16', 0.8037, 'pred', 0.7746, 'F18', 0.6513, 'hyb', 0.5697), (19, 9, 'N16', 0.5842, 'pred', 0.5396, 'F18', 0.5654, 'hyb', 0.4838)]
worldladder t=40: n=24 within sigma 23, median|err| 0.00043170972861411583 max 0.013229004959733004, median|dF_exact| 0.0004741968280432829; protein bath corr [(19, 1, 0.0039), (19, 7, 0.0026), (19, 8, 0.0166), (19, 9, 0.0017), (245, 1, 0.0004), (245, 7, 0.0649), (245, 8, 0.0011), (245, 9, -0.0032)]
worldladder t=80: n=24 within sigma 20, median|err| 0.003219476996308701 max 0.0862896684883746, median|dF_exact| 0.0055171187411579; protein bath corr [(19, 1, -0.0387), (19, 7, -0.0107), (19, 8, 0.0326), (19, 9, -0.0191), (245, 1, 0.0275), (245, 7, 0.0391), (245, 8, 0.0054), (245, 9, -0.0216)]
worldladder t=120: n=20 within sigma 11, median|err| 0.008259849470895503 max 0.04932248336846967, median|dF_exact| 0.01374659247004234; protein bath corr [(19, 1, -0.0626), (19, 7, -0.1049), (19, 8, 0.0241), (19, 9, -0.0727), (245, 1, 0.0505), (245, 7, 0.0057), (245, 8, -0.0322), (245, 9, -0.0676)]
pairb: {"p19_b8_Wprotein": {"40": 0.9829, "80": 0.907, "120": 0.7746}, "p19_b8_W18": {"40": 0.9555, "80": 0.8344, "120": 0.7063}, "p19_b9_Wprotein": {"40": 0.9527, "80": 0.7489, "120": 0.5396}, "p19_b9_W18": {"40": 0.9577, "80": 0.7794, "120": 0.5908}, "p245_b7_Wprotein": {"40": 0.7638, "80": 0.4955, "120": 0.2901}, "p245_b7_W18": {"40": 0.6998, "80": 0.4231, "120": 0.2554}}
flatX t=40 pooled slope dF/d(H+floor) = -0.03 +- 0.10 [(19, 1, -0.0073, -0.0099), (19, 7, 0.0005, -0.0099), (19, 8, 0.008, -0.0099), (19, 9, -0.0011, -0.0099), (245, 1, -0.0002, -0.0094), (245, 7, 0.0055, -0.0094), (245, 8, 0.0025, -0.0094), (245, 9, -0.0024, -0.0094)]
flatX t=80 pooled slope dF/d(H+floor) = 0.56 +- 0.47 [(19, 1, -0.0971, -0.019), (19, 7, -0.0102, -0.019), (19, 8, -0.0179, -0.019), (19, 9, -0.0456, -0.019), (245, 1, 0.0081, -0.0235), (245, 7, -0.0119, -0.0235), (245, 8, 0.0584, -0.0235), (245, 9, -0.0099, -0.0235)]
flatX t=120 pooled slope dF/d(H+floor) = 0.78 +- 0.66 [(19, 1, -0.0773, -0.0239), (19, 7, -0.024, -0.0239), (19, 8, -0.0803, -0.0239), (19, 9, -0.0743, -0.0239), (245, 1, 0.0131, -0.0264), (245, 7, -0.0274, -0.0264), (245, 8, 0.1108, -0.0264), (245, 9, -0.0079, -0.0264)]
40 {"literal_rule_nc": 10, "n_agree_within_sigma": 0, "n_series": 8, "median_abs_diff": 0.05322500000000001, "max_abs_diff": 0.09027, "literal_KILL_fires": false, "validation_nc": 10, "val_n_within_sigma_vs_F18_minus_floor": 1, "val_n_within_sigma_vs_F18": 7, "val_max_err_vs_F18_minus_floor": 0.03894, "val_max_err_vs_F18": 0.03169, "validated_primary": false, "bathcorr_estimator_nc": 10, "bathcorr_n_agree_with_hyb": 0, "bathcorr_median_abs_diff": 0.06436, "bathcorr_signed_diffs": [0.0661, 0.0648, 0.0788, 0.0639, 0.0311, 0.0957, 0.0319, 0.0275], "bathcorr20_signed_diffs": [0.068, 0.0649, 0.0784, 0.0633, 0.0312, 0.0932, 0.0318, 0.0267], "bathcorr_abs": [0.0039, 0.0026, 0.0166, 0.0017, 0.0004, 0.0649, 0.0011, -0.0032], "n_bathcorr_le_sigma": 6}
80 {"literal_rule_nc": 10, "n_agree_within_sigma": 0, "n_series": 8, "median_abs_diff": 0.071495, "max_abs_diff": 0.16192, "literal_KILL_fires": false, "validation_nc": 10, "val_n_within_sigma_vs_F18_minus_floor": 0, "val_n_within_sigma_vs_F18": 2, "val_max_err_vs_F18_minus_floor": 0.13337, "val_max_err_vs_F18": 0.09395, "validated_primary": false, "bathcorr_estimator_nc": 10, "bathcorr_n_agree_with_hyb": 0, "bathcorr_median_abs_diff": 0.05763, "bathcorr_signed_diffs": [0.0338, 0.0618, 0.1051, 0.0534, 0.0716, 0.0833, 0.0496, 0.0226], "bathcorr20_signed_diffs": [0.037, 0.0644, 0.1038, 0.0588, 0.0712, 0.0846, 0.0469, 0.0185], "bathcorr_abs": [-0.0386, -0.0107, 0.0326, -0.0191, 0.0274, 0.0391, 0.0054, -0.0216], "n_bathcorr_le_sigma": 1}
120 {"literal_rule_nc": 10, "n_agree_within_sigma": 1, "n_series": 8, "median_abs_diff": 0.05035, "max_abs_diff": 0.29612, "literal_KILL_fires": false, "validation_nc": 10, "val_n_within_sigma_vs_F18_minus_floor": 2, "val_n_within_sigma_vs_F18": 1, "val_max_err_vs_F18_minus_floor": 0.21186, "val_max_err_vs_F18": 0.16706, "validated_primary": false, "bathcorr_estimator_nc": 10, "bathcorr_n_agree_with_hyb": 1, "bathcorr_median_abs_diff": 0.034885, "bathcorr_signed_diffs": [0.019, -0.0233, 0.1057, 0.0089, 0.1291, 0.0844, 0.0465, 0.011], "bathcorr20_signed_diffs": [0.026, -0.0243, 0.1011, 0.0497], "bathcorr_abs": [-0.0626, -0.1049, 0.0241, -0.0727, 0.0505, 0.0057, -0.0322, -0.0676], "n_bathcorr_le_sigma": 1}
     probe       t_us       site        F18 F18_minus_       Fhyb emb18_nc10  embP_nc10  embP_nc12 Fcorr_nc10        F20 Fcorr20_nc
        19         40          1     0.6005     0.5711     0.5383     0.5688     0.5727     0.5715     0.6044     0.5999     0.6063
        19         40          7     0.8712     0.8418     0.8090     0.8747     0.8772     0.8737     0.8738     0.8711     0.8739
        19         40          8     0.9527     0.9233     0.8905     0.9491     0.9657     0.9640     0.9693     0.9527     0.9689
        19         40          9     0.9538     0.9244     0.8916     0.9577     0.9594     0.9573     0.9555     0.9524     0.9549
        19         80          1     0.3750     0.3351     0.3025     0.2811     0.2424     0.2575     0.3363     0.3753     0.3395
        19         80          7     0.5227     0.4828     0.4502     0.5318     0.5211     0.5098     0.5120     0.5220     0.5146
        19         80          8     0.8110     0.7711     0.7385     0.7948     0.8274     0.8281     0.8436     0.8105     0.8423
        19         80          9     0.7608     0.7209     0.6883     0.7794     0.7604     0.7504     0.7417     0.7500     0.7471
        19        120          1     0.2787     0.2363     0.1971     0.1768     0.1141     0.1291     0.2161     0.2788     0.2231
        19        120          7     0.4922     0.4498     0.4106     0.4785     0.3736     0.3648     0.3873     0.4865     0.3863
        19        120          8     0.6513     0.6089     0.5697     0.6108     0.6349     0.6402     0.6754     0.6455     0.6707
        19        120          9     0.5654     0.5230     0.4838     0.5908     0.5181     0.5151     0.4927     0.5600     0.5335
       245         40          1     0.9790     0.9476     0.9483     0.9865     0.9870         --     0.9794     0.9791     0.9795
       245         40          7     0.6988     0.6674     0.6680     0.6934     0.7583         --     0.7637     0.6991     0.7612
       245         40          8     0.9551     0.9237     0.9243     0.9553     0.9564         --     0.9562     0.9551     0.9561
       245         40          9     0.9746     0.9432     0.9439     0.9756     0.9724         --     0.9714     0.9727     0.9706
       245         80          1     0.7627     0.7197     0.7186     0.8531     0.8805         --     0.7902     0.7644     0.7898
       245         80          7     0.4206     0.3776     0.3764     0.4309     0.4701         --     0.4597     0.4199     0.4610
       245         80          8     0.7737     0.7307     0.7295     0.7607     0.7660         --     0.7791     0.7790     0.7764
       245         80          9     0.9374     0.8944     0.8932     0.9422     0.9205         --     0.9158     0.9275     0.9117
       245        120          1     0.4936     0.4488     0.4150     0.6607     0.7111         --     0.5441         --         --
       245        120          7     0.2674     0.2226     0.1887     0.2467     0.2524         --     0.2731         --         --
       245        120          8     0.6116     0.5668     0.5329     0.5745     0.5422         --     0.5794         --         --
       245        120          9     0.8957     0.8509     0.8171     0.9027     0.8351         --     0.8281         --         --
